26403 0 127 127 100
26466 0 127 127 100
26527 0 127 127 100
26590 0 127 127 100
26651 0 127 127 100
26714 0 127 127 100
26774 0 127 127 100
26836 0 127 127 100
26898 0 127 127 100
26960 0 127 127 100
27022 0 127 127 100
27084 0 127 127 100
27146 0 127 127 100
27208 0 127 127 100
27270 0 127 127 100
27332 0 127 127 100
27394 0 127 127 100
27456 0 127 127 100
27516 0 127 127 100
27579 0 127 127 100
27640 0 127 127 100
27702 0 127 127 100
27764 0 127 127 100
27826 0 127 127 100
27888 0 127 127 100
27950 0 127 127 100
28012 0 127 127 100
28073 0 127 127 100
28136 0 127 127 100
28197 0 127 127 100
28260 0 127 127 100
28321 0 106 127 100
28383 0 105 127 100
28444 0 97 127 100
28507 0 88 127 100
28568 0 81 127 100
28631 0 79 127 100
28692 0 73 127 100
28754 0 72 127 100
28815 0 73 127 100
28877 0 73 127 100
28939 0 72 127 100
29001 0 72 127 100
29063 0 72 127 100
29125 0 68 127 100
29187 0 62 127 100
29248 0 60 127 100
29309 0 57 127 100
29372 0 56 127 100
29433 0 53 127 100
29496 0 52 127 100
29557 0 49 127 100
29619 0 48 127 100
29680 0 44 127 100
29743 0 37 127 100
29804 0 0 127 100
29864 0 0 127 100
29927 0 0 127 100
29988 0 0 127 100
30051 0 0 127 100
30111 0 0 127 100
30174 0 0 127 100
30235 0 0 127 100
30298 0 0 127 100
30358 0 0 127 100
30420 0 0 127 100
30482 0 0 127 100
30544 0 0 127 100
30605 0 0 127 100
30667 0 0 127 100
30729 0 0 127 100
30791 0 0 127 100
30853 0 0 127 100
30914 0 0 127 100
30976 0 0 127 100
31038 0 25 127 100
31099 0 89 127 100
31162 0 127 127 100
31223 0 127 127 100
31286 0 127 127 100
31346 0 127 127 100
31409 0 127 127 100
31470 0 127 127 100
31533 0 127 127 100
31594 0 127 127 100
31656 0 127 127 100
31718 0 127 127 100
31780 0 127 127 100
31842 0 127 127 100
31904 0 127 127 100
31965 0 127 127 100
32026 0 127 127 100
32089 0 127 127 100
32150 0 127 127 100
32212 0 127 127 100
32274 0 127 127 100
32336 0 127 127 100
32398 0 127 127 100
32460 0 127 127 100
32522 0 127 127 100
32584 0 142 127 100
32645 0 149 127 100
32707 0 168 127 100
32769 0 177 127 100
32832 0 198 127 100
32892 0 205 127 100
32955 0 222 127 100
33016 0 225 127 100
33079 0 233 127 100
33140 0 239 127 100
33203 0 254 127 100
33264 0 254 127 100
33327 0 254 127 100
33388 0 254 127 100
33451 0 254 127 100
33512 0 254 127 100
33574 0 254 127 100
33636 0 254 127 100
33697 0 254 127 100
33759 0 254 127 100
33821 0 200 127 100
33883 0 177 127 100
33945 0 127 127 100
34007 0 127 127 100
34069 0 127 127 100
34130 0 127 127 100
34192 0 127 127 100
34254 0 127 127 100
34316 0 127 127 100
34378 0 127 127 100
34439 0 127 127 100
34501 0 127 127 100
34563 0 127 127 100
34625 0 127 127 100
34686 0 127 127 100
34749 0 127 127 100
34810 0 127 127 100
34873 0 127 127 100
34934 0 127 127 100
34997 0 127 127 100
35058 0 127 146 100
35121 0 127 177 100
35182 0 127 191 100
35245 0 127 206 100
35305 0 127 221 100
35367 0 127 243 100
35429 0 127 254 100
35491 0 127 254 100
35553 0 127 254 100
35615 0 127 254 100
35677 0 127 254 100
35739 0 127 254 100
35801 0 127 254 100
35863 0 127 254 100
35924 0 127 214 100
35987 0 127 178 100
36048 0 127 169 100
36111 0 127 152 100
36172 0 127 127 100
36235 0 127 127 100
36296 0 127 127 100
36359 0 127 127 100
36420 0 127 127 100
36482 0 127 127 100
36544 0 127 127 100
36605 0 127 127 100
36667 0 127 127 100
36728 0 127 127 100
36791 0 127 127 100
36852 0 127 127 100
36915 0 127 127 100
36976 0 127 127 100
37039 0 127 127 100
37100 0 127 127 100
37163 0 127 100 100
37224 0 127 71 100
37285 0 127 43 100
37347 0 127 22 100
37409 0 127 20 100
37471 0 127 14 100
37533 0 127 0 100
37595 0 127 0 100
37656 0 127 0 100
37718 0 127 0 100
37780 0 127 0 100
37841 0 127 0 100
37903 0 127 0 100
37964 0 127 0 100
